Results:


======================================
mn:
======================================

Beam size: 1 (GREEDY)
---
  mn0001.mp3: 54.737500841s
  mn0010.mp3: 49.867457617s
  mn0020.mp3: 54.836795424s
  mn0030.mp3: 49.897698925s
  mn0040.mp3: 47.893415809s
  Average: 51.446s

Beam size: 5 (BEAM SEARCH)
---
  mn0001.mp3: 60.403502398s
  mn0010.mp3: 52.234868862s
  mn0020.mp3: 51.240325063s
  mn0030.mp3: 54.251392899s
  mn0040.mp3: 60.577144970s
  Average: 55.741s

======================================
hu:
======================================

Beam size: 1 (GREEDY)
---
  hu0001.mp3: 12.527225446s
  hu0010.mp3: 4.581015960s
  hu0020.mp3: 5.355709029s
  hu0030.mp3: 4.601378010s
  hu0040.mp3: 4.570911766s
  Average: 6.327s

Beam size: 5 (BEAM SEARCH)
---
  hu0001.mp3: 10.579660591s
  hu0010.mp3: 4.588981073s
  hu0020.mp3: 5.678479295s
  hu0030.mp3: 5.710893994s
  hu0040.mp3: 4.679978546s
  Average: 6.247s

======================================
es:
======================================

Beam size: 1 (GREEDY)
---
  es0001.mp3: 4.638305308s
  es0010.mp3: 4.177371271s
  es0020.mp3: 4.537599346s
  es0030.mp3: 4.644324029s
  es0040.mp3: 4.452791991s
  Average: 4.490s

Beam size: 5 (BEAM SEARCH)
---
  es0001.mp3: 5.246592803s
  es0010.mp3: 4.708583441s
  es0020.mp3: 4.418485315s
  es0030.mp3: 4.975565964s
  es0040.mp3: 4.984367429s
  Average: 4.866s

======================================
fr:
======================================

Beam size: 1 (GREEDY)
---
  fr0001.mp3: 4.514533217s
  fr0010.mp3: 4.682825818s
  fr0020.mp3: 4.340183099s
  fr0030.mp3: 4.355292833s
  fr0040.mp3: 4.848503362s
  Average: 4.548s

Beam size: 5 (BEAM SEARCH)
---
  fr0001.mp3: 4.623270460s
  fr0010.mp3: 4.822112652s
  fr0020.mp3: 4.751900735s
  fr0030.mp3: 5.105431647s
  fr0040.mp3: 5.165508272s
  Average: 4.893s
